time = [0 3 5 8 13];
distance = [0 225 383 623 993];
speed = [5 77 80 74 72];

resA = HI(10, time, distance, speed)